50, 88, 94, 74, 57, 54, 82, 80, 77, 40
50, 84, 89, 71, 55, 52, 75, 77, 70, 40
48, 79, 86, 70, 57, 53, 72, 75, 59, 37
47, 77, 83, 69, 56, 50, 71, 75, 59, 37
44, 72, 69, 56, 43, 38, 56, 55, 45, 29
44, 72, 68, 53, 42, 39, 56, 54, 45, 26
44, 71, 71, 55, 43, 39, 54, 54, 42, 26
46, 75, 75, 54, 42, 38, 55, 54, 44, 27
44, 70, 74, 56, 40, 36, 53, 53, 45, 27
45, 71, 82, 70, 51, 50, 67, 65, 56, 33
45, 76, 83, 70, 52, 48, 67, 64, 56, 32
46, 75, 82, 69, 51, 46, 68, 63, 50, 32
48, 77, 83, 67, 51, 45, 67, 63, 55, 32
49, 78, 84, 65, 52, 45, 67, 65, 52, 35
51, 79, 82, 66, 50, 43, 67, 70, 54, 36
50, 77, 79, 68, 49, 43, 59, 56, 45, 29
49, 78, 81, 66, 49, 43, 63, 73, 58, 39
50, 78, 81, 66, 51, 45, 61, 72, 58, 40
51, 79, 81, 67, 53, 47, 60, 72, 55, 40
53, 82, 81, 67, 53, 48, 61, 73, 54, 40
52, 80, 81, 69, 53, 48, 58, 63, 42, 24
51, 77, 80, 69, 54, 46, 58, 60, 34, 18
51, 76, 78, 69, 54, 45, 58, 60, 33, 18
51, 75, 79, 69, 54, 45, 60, 67, 44, 24
52, 77, 78, 69, 54, 44, 65, 73, 53, 40
52, 80, 82, 69, 53, 44, 66, 64, 46, 26
50, 80, 82, 69, 53, 45, 69, 69, 55, 39
50, 82, 82, 68, 51, 44, 70, 68, 55, 38
52, 84, 82, 68, 52, 43, 68, 66, 56, 37
52, 84, 84, 66, 50, 44, 67, 63, 50, 27
52, 83, 84, 66, 50, 45, 66, 64, 50, 26
52, 84, 82, 66, 49, 45, 66, 64, 50, 26
51, 80, 81, 68, 49, 45, 67, 63, 50, 25
51, 80, 81, 68, 49, 44, 61, 47, 40, 21
50, 80, 83, 67, 49, 45, 58, 48, 40, 20
50, 80, 81, 69, 49, 44, 57, 50, 38, 20
49, 81, 81, 69, 49, 45, 62, 54, 47, 19
50, 83, 80, 69, 49, 45, 60, 52, 48, 19
50, 85, 81, 69, 49, 45, 59, 54, 48, 19
50, 86, 79, 68, 49, 46, 59, 54, 48, 19
51, 86, 79, 68, 49, 44, 59, 54, 48, 18
52, 84, 76, 69, 49, 45, 59, 54, 48, 18
53, 82, 75, 66, 49, 45, 59, 54, 49, 18
53, 79, 75, 64, 48, 45, 60, 55, 49, 21
54, 81, 74, 63, 45, 44, 60, 56, 49, 21
54, 82, 75, 62, 46, 44, 61, 56, 49, 21
55, 82, 74, 63, 46, 45, 62, 57, 49, 22
55, 82, 76, 66, 45, 46, 62, 58, 49, 20
53, 79, 72, 63, 47, 44, 62, 57, 49, 19
55, 81, 77, 65, 45, 43, 58, 57, 48, 20
53, 78, 77, 65, 45, 41, 60, 59, 47, 20
54, 78, 76, 66, 48, 45, 61, 59, 46, 15
54, 81, 76, 67, 47, 45, 61, 57, 45, 14
53, 85, 75, 68, 46, 46, 63, 57, 43, 16
51, 83, 73, 70, 47, 47, 62, 55, 43, 16
51, 83, 74, 70, 45, 46, 61, 56, 43, 16
51, 83, 73, 70, 44, 45, 62, 60, 43, 16
51, 85, 73, 70, 44, 47, 65, 65, 47, 21
51, 84, 74, 68, 44, 47, 65, 66, 53, 28
52, 85, 74, 67, 44, 48, 65, 63, 46, 20
52, 84, 74, 67, 44, 48, 65, 65, 48, 21
52, 87, 73, 66, 43, 48, 65, 65, 46, 21
53, 87, 72, 69, 43, 48, 64, 60, 38, 18
53, 86, 74, 70, 43, 49, 64, 60, 38, 17
52, 86, 75, 70, 44, 47, 60, 50, 29, 11
52, 86, 75, 70, 44, 48, 63, 60, 38, 17
49, 86, 74, 70, 45, 48, 58, 47, 32, 16
49, 84, 75, 71, 45, 48, 58, 46, 33, 17
50, 86, 75, 71, 45, 50, 58, 45, 33, 17
54, 85, 73, 71, 44, 50, 58, 53, 35, 17
54, 85, 73, 70, 44, 50, 61, 66, 42, 18
55, 84, 73, 70, 43, 51, 60, 66, 39, 12
55, 84, 73, 70, 42, 50, 60, 66, 39, 12
56, 84, 72, 70, 43, 50, 60, 69, 39, 13
56, 82, 71, 68, 43, 51, 59, 69, 39, 13
56, 83, 73, 69, 44, 51, 58, 70, 39, 13
56, 82, 74, 68, 44, 50, 59, 69, 39, 13
56, 82, 75, 68, 44, 51, 59, 70, 42, 14
57, 85, 74, 69, 44, 52, 60, 70, 42, 14
57, 84, 76, 71, 47, 52, 60, 71, 43, 14
56, 81, 76, 70, 47, 52, 60, 71, 44, 14
56, 84, 77, 69, 47, 50, 58, 68, 47, 16
56, 85, 77, 69, 47, 48, 57, 68, 48, 17
56, 84, 76, 71, 48, 51, 56, 67, 48, 17
56, 86, 75, 71, 49, 51, 56, 68, 49, 15
55, 85, 70, 71, 49, 49, 51, 59, 36, 12
56, 80, 70, 71, 49, 49, 51, 58, 36, 12
55, 75, 61, 67, 47, 51, 56, 65, 47, 15
56, 76, 61, 68, 47, 51, 56, 64, 49, 17
58, 73, 58, 67, 47, 51, 53, 59, 40, 13
57, 74, 59, 66, 45, 51, 53, 59, 40, 13
57, 74, 59, 64, 39, 38, 39, 42, 29, 12
56, 75, 62, 67, 39, 37, 39, 43, 31, 13
55, 76, 62, 67, 39, 37, 40, 41, 29, 13
56, 77, 61, 66, 39, 37, 41, 41, 28, 13
54, 77, 60, 64, 39, 36, 40, 39, 25, 7
54, 76, 61, 65, 39, 35, 43, 45, 33, 10
54, 72, 60, 63, 37, 38, 50, 57, 41, 12
53, 73, 60, 62, 37, 38, 48, 53, 37, 12
53, 69, 62, 64, 41, 52, 57, 59, 40, 15
54, 70, 62, 60, 36, 42, 47, 53, 34, 12
55, 71, 62, 60, 36, 42, 47, 54, 35, 14
55, 74, 60, 60, 36, 40, 47, 54, 35, 15
55, 73, 64, 64, 36, 40, 47, 54, 30, 14
56, 72, 63, 65, 36, 39, 43, 41, 16, 6
55, 75, 62, 66, 36, 39, 43, 41, 16, 6
54, 74, 59, 67, 36, 37, 46, 52, 35, 22
55, 73, 63, 66, 37, 37, 48, 51, 34, 19
55, 71, 61, 65, 36, 37, 48, 51, 34, 23
52, 76, 63, 66, 37, 37, 48, 51, 34, 23
53, 78, 65, 68, 37, 37, 52, 49, 35, 23
53, 80, 65, 70, 36, 32, 44, 44, 28, 18
54, 76, 65, 70, 36, 34, 44, 44, 28, 15
54, 83, 65, 71, 36, 35, 49, 47, 32, 16
54, 83, 65, 70, 37, 34, 49, 47, 25, 16
54, 82, 65, 70, 37, 35, 51, 54, 32, 17
53, 80, 67, 68, 37, 36, 50, 50, 34, 20
52, 80, 68, 69, 38, 36, 49, 50, 35, 25
49, 81, 63, 63, 38, 35, 49, 50, 43, 28
47, 81, 61, 58, 38, 35, 49, 50, 43, 28
45, 79, 60, 57, 38, 35, 50, 50, 43, 28
47, 79, 58, 51, 34, 33, 49, 50, 43, 25
49, 78, 56, 50, 34, 34, 48, 52, 42, 25
50, 79, 56, 50, 34, 34, 47, 52, 41, 25
51, 80, 55, 48, 34, 33, 45, 50, 41, 26
51, 80, 56, 54, 36, 33, 49, 54, 40, 26
51, 80, 57, 57, 37, 33, 47, 53, 40, 28
51, 82, 61, 61, 37, 32, 46, 50, 37, 28
51, 81, 60, 57, 38, 30, 49, 53, 37, 28
50, 85, 61, 60, 37, 30, 49, 53, 37, 28
52, 87, 61, 60, 37, 29, 51, 54, 36, 30
52, 88, 61, 61, 34, 30, 47, 53, 37, 31
52, 85, 61, 62, 35, 30, 46, 53, 37, 31
53, 86, 63, 60, 35, 31, 46, 53, 39, 32
54, 86, 66, 60, 33, 31, 46, 53, 39, 31
54, 85, 69, 59, 32, 31, 46, 53, 37, 30
54, 87, 72, 61, 34, 32, 48, 58, 41, 35
52, 86, 73, 62, 34, 33, 49, 58, 42, 37
52, 86, 73, 63, 35, 33, 48, 53, 39, 33
52, 80, 62, 63, 37, 33, 47, 53, 38, 30
50, 74, 61, 62, 36, 34, 46, 53, 36, 29
49, 72, 61, 62, 36, 34, 46, 53, 35, 29
48, 72, 60, 61, 34, 34, 46, 54, 36, 30
48, 73, 56, 58, 33, 34, 46, 54, 36, 24
48, 73, 56, 60, 34, 34, 46, 54, 36, 24
48, 72, 56, 54, 35, 34, 46, 51, 36, 22
46, 71, 56, 53, 34, 35, 46, 51, 33, 19
44, 71, 56, 51, 31, 34, 47, 52, 36, 19
47, 76, 57, 51, 31, 34, 46, 53, 36, 19
47, 82, 65, 53, 31, 33, 45, 53, 36, 19
49, 85, 68, 54, 32, 29, 46, 53, 35, 19
47, 81, 69, 55, 32, 29, 46, 53, 35, 19
48, 84, 69, 51, 32, 29, 46, 53, 35, 19
48, 84, 69, 52, 32, 23, 37, 45, 32, 14
48, 79, 72, 53, 31, 23, 36, 47, 32, 14
48, 82, 74, 52, 31, 25, 36, 45, 32, 14
48, 84, 74, 50, 30, 30, 43, 43, 29, 21
48, 85, 74, 57, 41, 40, 51, 54, 41, 25
48, 85, 74, 56, 42, 40, 48, 53, 39, 26
49, 87, 70, 52, 39, 42, 49, 54, 42, 29
52, 91, 73, 54, 39, 42, 50, 57, 42, 28
52, 91, 72, 55, 34, 40, 49, 57, 42, 28
54, 83, 69, 60, 37, 38, 44, 51, 38, 28
55, 83, 68, 60, 31, 32, 33, 33, 33, 28
55, 83, 67, 61, 37, 35, 34, 23, 25, 24
55, 81, 66, 61, 38, 35, 35, 24, 26, 24
55, 82, 66, 64, 39, 36, 36, 25, 27, 24
56, 84, 65, 65, 39, 37, 32, 25, 25, 22
56, 82, 67, 64, 39, 36, 32, 25, 25, 21
56, 81, 68, 64, 39, 37, 33, 36, 36, 24
56, 79, 68, 62, 38, 39, 43, 54, 39, 24
55, 79, 68, 62, 38, 39, 43, 55, 47, 25
51, 80, 67, 58, 38, 39, 42, 53, 47, 24
51, 83, 68, 60, 39, 39, 37, 53, 46, 24
51, 81, 69, 63, 40, 39, 37, 51, 43, 24
51, 83, 71, 59, 40, 40, 37, 52, 48, 27
51, 88, 72, 60, 43, 40, 39, 56, 49, 27
50, 85, 66, 61, 43, 40, 39, 55, 49, 27
47, 86, 63, 59, 43, 40, 38, 55, 50, 28
50, 87, 63, 62, 44, 39, 35, 52, 51, 29
51, 84, 63, 62, 44, 40, 35, 52, 51, 29
51, 84, 62, 63, 44, 40, 37, 53, 49, 29
52, 83, 63, 62, 42, 41, 37, 53, 49, 29
50, 83, 63, 63, 42, 38, 33, 45, 46, 28
50, 84, 64, 63, 42, 39, 32, 44, 45, 28
49, 84, 64, 62, 40, 39, 31, 46, 48, 28
47, 81, 64, 62, 40, 40, 33, 45, 46, 23
48, 82, 64, 61, 43, 40, 33, 47, 50, 25
49, 81, 64, 62, 45, 40, 33, 50, 52, 25
49, 81, 66, 62, 45, 40, 34, 48, 50, 23
53, 84, 64, 61, 45, 40, 34, 47, 54, 25
53, 81, 64, 61, 45, 40, 34, 46, 51, 25
50, 80, 64, 60, 44, 40, 34, 50, 55, 26
49, 76, 59, 61, 43, 40, 35, 49, 56, 29
53, 78, 60, 62, 43, 40, 34, 41, 46, 28
52, 79, 63, 63, 44, 40, 34, 39, 42, 25
49, 69, 55, 49, 33, 27, 18, 24, 29, 11
49, 69, 56, 49, 33, 25, 12, 17, 26, 10
51, 66, 60, 53, 34, 23, 12, 17, 22, 7
49, 67, 60, 53, 34, 23, 12, 17, 22, 7
50, 79, 72, 66, 43, 35, 29, 42, 44, 21
49, 79, 72, 66, 43, 35, 37, 52, 51, 23
45, 78, 73, 65, 42, 36, 39, 52, 52, 24
45, 78, 72, 65, 41, 34, 34, 41, 36, 10
45, 79, 71, 65, 41, 34, 34, 41, 36, 10
45, 82, 70, 62, 41, 36, 34, 41, 36, 9
45, 82, 71, 63, 39, 37, 38, 47, 42, 16
43, 80, 70, 64, 39, 38, 38, 47, 42, 16
43, 74, 70, 63, 39, 38, 39, 48, 42, 16
45, 78, 69, 62, 39, 38, 38, 47, 42, 14
44, 71, 67, 63, 40, 39, 39, 47, 42, 14
44, 77, 69, 65, 40, 39, 39, 47, 42, 14
44, 78, 69, 59, 37, 39, 37, 45, 42, 13
42, 72, 61, 53, 33, 35, 32, 47, 46, 13
41, 71, 62, 54, 35, 34, 35, 49, 46, 15
41, 69, 60, 52, 36, 34, 34, 49, 45, 16
41, 72, 62, 55, 35, 36, 36, 54, 43, 17
40, 77, 62, 55, 34, 35, 37, 52, 38, 8
43, 78, 63, 55, 37, 35, 37, 51, 36, 8
44, 75, 55, 52, 38, 34, 37, 51, 40, 11
43, 70, 55, 49, 27, 17, 25, 35, 23, 7
42, 61, 53, 41, 27, 16, 18, 19, 12, 4
44, 65, 59, 49, 28, 16, 18, 19, 9, 3
42, 60, 56, 40, 27, 16, 18, 19, 9, 3
44, 70, 66, 60, 43, 35, 30, 32, 19, 3
44, 69, 67, 60, 43, 35, 32, 33, 19, 3
45, 71, 71, 60, 44, 35, 38, 43, 30, 9
42, 73, 72, 60, 44, 35, 34, 41, 29, 9
45, 69, 69, 58, 43, 35, 33, 41, 26, 10
46, 69, 69, 58, 43, 34, 33, 44, 31, 15
46, 69, 69, 58, 44, 34, 32, 43, 30, 14
47, 68, 68, 57, 43, 34, 32, 43, 30, 14
48, 67, 70, 59, 41, 32, 31, 44, 30, 14
47, 66, 71, 62, 43, 32, 34, 44, 30, 14
51, 67, 64, 57, 42, 31, 36, 45, 33, 14
51, 65, 64, 57, 40, 31, 37, 45, 33, 14
53, 65, 63, 57, 40, 33, 39, 44, 32, 13
57, 68, 65, 58, 39, 30, 33, 37, 28, 11
57, 67, 62, 46, 22, 16, 25, 27, 18, 8
55, 70, 61, 48, 22, 16, 25, 27, 19, 9
55, 71, 61, 49, 22, 18, 25, 27, 19, 9
58, 73, 66, 58, 31, 25, 34, 36, 27, 9
59, 69, 64, 54, 30, 25, 34, 34, 28, 9
57, 64, 54, 42, 17, 17, 25, 24, 19, 9
56, 62, 56, 44, 19, 17, 25, 23, 19, 9
56, 62, 52, 39, 16, 17, 23, 23, 19, 10
57, 61, 55, 43, 23, 25, 29, 32, 27, 10
58, 54, 52, 42, 23, 24, 27, 32, 28, 10
59, 54, 51, 42, 24, 25, 32, 33, 27, 10
56, 57, 51, 43, 27, 25, 33, 34, 27, 10
60, 64, 51, 42, 28, 27, 34, 34, 27, 12
60, 64, 48, 43, 28, 27, 24, 25, 20, 3
62, 64, 48, 43, 28, 27, 22, 24, 23, 3
61, 61, 47, 47, 31, 27, 22, 24, 23, 3
61, 60, 50, 49, 31, 26, 22, 24, 22, 3
60, 60, 48, 47, 31, 27, 24, 27, 23, 3
61, 61, 52, 47, 29, 27, 24, 27, 23, 3
62, 59, 53, 45, 28, 27, 22, 27, 24, 3
61, 58, 53, 45, 28, 27, 24, 33, 25, 4
60, 49, 42, 37, 25, 26, 27, 33, 25, 4
61, 48, 40, 39, 25, 26, 27, 32, 21, 5
62, 45, 39, 39, 25, 26, 28, 34, 27, 5
62, 49, 39, 40, 25, 26, 25, 33, 23, 5
63, 56, 49, 42, 25, 26, 26, 33, 23, 5
63, 53, 49, 42, 25, 26, 25, 30, 20, 4
63, 52, 46, 42, 25, 26, 25, 30, 24, 12
63, 52, 47, 42, 25, 26, 25, 30, 24, 12
63, 52, 47, 42, 26, 26, 24, 30, 23, 12
63, 51, 46, 41, 25, 26, 24, 30, 24, 12
60, 57, 54, 45, 30, 27, 25, 30, 24, 12
59, 58, 53, 42, 29, 27, 24, 22, 20, 12
59, 66, 52, 42, 29, 27, 26, 33, 26, 14
59, 64, 49, 36, 27, 26, 21, 21, 20, 12
59, 63, 49, 36, 27, 27, 21, 20, 19, 11
59, 65, 51, 34, 28, 28, 25, 32, 25, 13
59, 67, 54, 37, 32, 26, 24, 27, 25, 13
60, 75, 62, 51, 34, 31, 24, 25, 19, 6
59, 70, 54, 41, 34, 33, 38, 39, 31, 16
57, 67, 55, 42, 33, 33, 39, 39, 31, 16
58, 66, 54, 43, 34, 33, 38, 39, 31, 16
59, 67, 58, 47, 37, 33, 34, 37, 29, 13
59, 66, 52, 46, 36, 33, 34, 37, 29, 13
49, 62, 51, 47, 37, 33, 38, 40, 27, 8
49, 61, 51, 45, 37, 33, 38, 40, 29, 8
49, 60, 49, 41, 38, 31, 42, 41, 27, 9
46, 53, 37, 38, 38, 32, 41, 39, 27, 9
46, 51, 35, 39, 38, 33, 41, 41, 25, 9
50, 59, 48, 44, 36, 30, 40, 38, 29, 9
51, 64, 55, 53, 39, 39, 44, 45, 32, 12
46, 47, 44, 49, 39, 39, 42, 44, 33, 13
46, 45, 41, 49, 40, 38, 43, 43, 33, 15
48, 46, 43, 50, 40, 37, 42, 51, 34, 16
48, 41, 34, 42, 36, 22, 17, 21, 19, 12
41, 36, 29, 33, 37, 22, 17, 21, 21, 13
50, 35, 29, 33, 37, 22, 17, 21, 21, 13
49, 36, 29, 32, 35, 23, 21, 21, 21, 11
49, 33, 28, 26, 23, 5, 4, 1, 0, 0
50, 33, 27, 27, 23, 5, 4, 1, 0, 0
55, 41, 36, 36, 23, 5, 4, 1, 0, 0
52, 41, 35, 34, 23, 5, 4, 1, 0, 0
53, 42, 35, 34, 23, 5, 4, 1, 0, 0
53, 43, 35, 34, 22, 5, 4, 1, 0, 0
53, 46, 36, 33, 21, 5, 4, 1, 0, 0
53, 46, 36, 33, 20, 5, 4, 1, 0, 0
56, 49, 44, 37, 20, 5, 4, 1, 0, 0
56, 48, 45, 35, 21, 5, 4, 1, 0, 0
56, 50, 47, 35, 21, 5, 4, 1, 0, 0
59, 53, 48, 45, 27, 23, 24, 19, 4, 2
57, 49, 44, 42, 27, 23, 31, 25, 9, 4
53, 40, 35, 39, 27, 22, 31, 25, 9, 4
51, 39, 36, 40, 27, 21, 29, 25, 10, 4
51, 40, 37, 40, 28, 21, 28, 20, 11, 4
51, 40, 42, 43, 28, 22, 29, 20, 12, 7
49, 40, 42, 41, 30, 22, 29, 21, 12, 8
49, 39, 44, 41, 29, 21, 27, 21, 12, 8
49, 39, 45, 44, 29, 21, 27, 22, 11, 8
54, 47, 51, 46, 30, 20, 27, 23, 11, 8
51, 45, 51, 46, 30, 21, 27, 23, 12, 8
51, 49, 49, 45, 29, 21, 27, 23, 12, 8
52, 53, 51, 43, 29, 21, 27, 23, 12, 8
49, 52, 50, 44, 28, 20, 27, 23, 12, 8
50, 55, 51, 44, 30, 20, 27, 23, 11, 8
52, 55, 49, 43, 30, 21, 29, 23, 16, 9
53, 51, 50, 43, 29, 22, 29, 23, 15, 10
51, 51, 54, 42, 29, 21, 27, 24, 16, 10
49, 54, 53, 43, 29, 20, 27, 23, 16, 10
48, 52, 54, 43, 30, 19, 29, 26, 18, 10
51, 54, 60, 46, 30, 19, 29, 26, 18, 10
53, 58, 60, 46, 30, 20, 29, 26, 18, 10
53, 58, 60, 46, 29, 21, 30, 27, 18, 10
54, 59, 58, 48, 30, 20, 29, 27, 16, 9
54, 59, 56, 47, 30, 20, 28, 27, 16, 9
53, 57, 57, 45, 30, 20, 28, 24, 16, 9
48, 53, 51, 41, 29, 20, 28, 24, 12, 8
46, 51, 49, 42, 28, 20, 28, 25, 12, 8
46, 49, 45, 41, 25, 20, 29, 26, 15, 9
45, 49, 45, 42, 26, 20, 29, 25, 16, 9
45, 53, 51, 45, 26, 20, 27, 21, 12, 7
45, 53, 51, 45, 26, 20, 27, 20, 12, 7
45, 53, 50, 46, 27, 20, 27, 20, 12, 7
45, 53, 53, 55, 28, 20, 27, 20, 12, 7
45, 53, 53, 54, 27, 20, 27, 21, 11, 7
45, 56, 52, 55, 27, 20, 27, 21, 11, 8
47, 61, 58, 56, 27, 20, 26, 21, 11, 8
47, 60, 58, 55, 27, 19, 25, 21, 11, 8
47, 60, 57, 56, 26, 19, 25, 22, 11, 8
46, 63, 60, 58, 26, 20, 28, 25, 10, 2
47, 64, 59, 57, 25, 20, 24, 24, 8, 2
47, 66, 54, 47, 22, 20, 24, 24, 8, 2
49, 64, 53, 47, 22, 20, 24, 24, 8, 2
50, 66, 54, 47, 22, 20, 24, 24, 9, 10
50, 62, 52, 45, 22, 20, 24, 24, 10, 10
51, 61, 52, 45, 22, 18, 23, 24, 11, 10
49, 60, 44, 45, 24, 18, 23, 24, 11, 11
50, 64, 45, 46, 25, 18, 23, 24, 12, 11
51, 63, 46, 49, 25, 18, 23, 24, 12, 11
50, 61, 43, 47, 26, 20, 24, 24, 12, 11
49, 61, 41, 45, 27, 20, 24, 24, 12, 11
46, 61, 49, 51, 25, 18, 22, 18, 11, 11
46, 60, 48, 51, 24, 18, 22, 18, 10, 11
45, 64, 54, 53, 25, 20, 23, 20, 12, 12
45, 50, 43, 45, 27, 21, 22, 18, 9, 12
46, 52, 44, 45, 27, 21, 22, 18, 9, 12
47, 55, 46, 48, 27, 20, 22, 18, 9, 12
46, 54, 45, 48, 27, 20, 22, 17, 8, 17
46, 54, 45, 48, 26, 20, 22, 18, 8, 17
46, 51, 40, 39, 26, 20, 23, 19, 11, 17
47, 53, 42, 40, 25, 20, 23, 19, 11, 17
47, 49, 44, 41, 23, 20, 23, 18, 9, 17
47, 50, 44, 41, 23, 21, 25, 22, 10, 17
47, 50, 44, 40, 23, 21, 25, 22, 10, 17
46, 50, 43, 37, 21, 22, 25, 22, 10, 18
45, 52, 43, 36, 21, 21, 24, 20, 9, 18
46, 56, 48, 42, 32, 28, 35, 27, 11, 18
46, 55, 45, 41, 32, 27, 32, 29, 12, 18
46, 54, 46, 43, 35, 37, 44, 47, 22, 27
45, 54, 47, 42, 35, 37, 44, 47, 22, 27
48, 49, 47, 44, 34, 37, 46, 49, 21, 26
49, 47, 49, 48, 34, 37, 46, 47, 20, 26
49, 50, 53, 52, 35, 37, 46, 49, 23, 26
49, 45, 49, 51, 35, 37, 48, 52, 23, 23
50, 52, 55, 52, 35, 37, 48, 52, 25, 21
51, 49, 51, 49, 35, 36, 46, 51, 25, 21
52, 52, 56, 49, 36, 37, 46, 49, 25, 23
52, 51, 57, 47, 35, 37, 45, 47, 25, 23
53, 53, 59, 50, 37, 37, 44, 48, 27, 25
55, 56, 60, 50, 37, 36, 45, 50, 29, 26
58, 56, 57, 50, 37, 35, 45, 50, 30, 26
58, 56, 57, 49, 37, 36, 46, 46, 27, 20
59, 52, 54, 48, 37, 36, 46, 46, 27, 20
58, 50, 50, 44, 36, 36, 47, 50, 37, 21
58, 51, 52, 45, 36, 37, 49, 50, 37, 22
60, 52, 51, 45, 35, 36, 49, 50, 37, 23
60, 49, 51, 45, 35, 34, 50, 48, 37, 22
59, 48, 52, 45, 35, 33, 47, 46, 34, 17
58, 50, 52, 46, 33, 28, 38, 40, 30, 15
58, 50, 54, 48, 33, 35, 46, 46, 32, 18
57, 49, 52, 47, 29, 35, 46, 46, 32, 20
57, 49, 53, 47, 29, 35, 44, 43, 24, 8
57, 48, 53, 48, 30, 36, 44, 42, 23, 7
56, 47, 54, 48, 32, 37, 44, 42, 23, 7
56, 47, 53, 47, 33, 36, 47, 43, 24, 10
56, 45, 53, 49, 37, 36, 44, 44, 24, 11
57, 46, 55, 51, 37, 38, 47, 44, 25, 12
57, 50, 60, 54, 38, 38, 47, 45, 29, 13
56, 52, 60, 53, 39, 38, 48, 45, 29, 11
56, 52, 60, 52, 40, 37, 48, 45, 29, 11
56, 53, 61, 50, 40, 37, 48, 44, 31, 10
55, 54, 64, 51, 39, 38, 51, 45, 33, 14
55, 54, 59, 50, 36, 37, 52, 43, 33, 14
53, 46, 45, 39, 31, 34, 44, 42, 33, 14
53, 46, 45, 40, 32, 36, 42, 41, 32, 7
52, 44, 45, 42, 32, 36, 42, 42, 32, 7
51, 45, 45, 42, 32, 36, 43, 43, 32, 7
51, 45, 45, 42, 32, 36, 43, 42, 31, 7
52, 45, 45, 42, 33, 36, 41, 44, 32, 10
49, 43, 42, 42, 33, 36, 41, 43, 31, 10
52, 44, 43, 42, 33, 37, 41, 44, 29, 10
52, 41, 42, 41, 33, 37, 41, 44, 28, 7
54, 46, 52, 46, 31, 30, 39, 41, 26, 5
53, 47, 52, 50, 38, 38, 44, 44, 27, 6
60, 55, 58, 51, 38, 35, 43, 42, 27, 6
60, 50, 58, 50, 38, 35, 43, 42, 25, 6
57, 49, 57, 51, 41, 35, 43, 42, 26, 9
57, 52, 57, 50, 39, 34, 41, 38, 22, 8
58, 51, 52, 48, 34, 25, 24, 18, 14, 6
58, 44, 47, 42, 28, 19, 20, 22, 13, 5
61, 45, 45, 40, 28, 19, 18, 21, 13, 3
50, 23, 17, 7, 1, 0, 0, 0, 0, 0
51, 32, 26, 15, 8, 5, 0, 0, 0, 0
50, 34, 29, 16, 8, 5, 0, 0, 0, 0
49, 33, 29, 16, 9, 5, 0, 0, 0, 0
48, 34, 29, 16, 9, 5, 0, 0, 0, 0
48, 36, 29, 16, 9, 5, 0, 0, 0, 0
49, 37, 27, 16, 9, 5, 0, 0, 0, 0
55, 47, 48, 45, 30, 21, 14, 14, 8, 0
54, 48, 46, 42, 30, 24, 15, 12, 8, 0
55, 44, 35, 31, 21, 12, 6, 3, 3, 0
51, 39, 26, 28, 22, 13, 6, 3, 3, 0
51, 39, 32, 38, 32, 26, 19, 15, 7, 0
49, 43, 33, 37, 31, 23, 19, 14, 7, 0
52, 42, 30, 37, 31, 25, 18, 14, 7, 0
51, 44, 31, 36, 31, 25, 17, 15, 7, 0
51, 45, 36, 41, 36, 40, 34, 27, 16, 2
51, 44, 34, 41, 33, 39, 38, 28, 16, 7
53, 49, 36, 41, 34, 39, 40, 32, 16, 6
51, 47, 41, 42, 36, 41, 40, 32, 16, 6
51, 47, 40, 43, 38, 43, 40, 28, 16, 6
52, 47, 40, 43, 37, 43, 43, 33, 21, 5
52, 47, 39, 46, 36, 43, 46, 36, 23, 14
53, 50, 46, 46, 37, 42, 44, 37, 24, 15
55, 54, 45, 42, 30, 24, 24, 20, 12, 5
54, 54, 49, 46, 36, 43, 42, 35, 23, 16
53, 54, 49, 47, 37, 43, 42, 35, 23, 16
53, 59, 51, 48, 36, 43, 42, 36, 24, 21
53, 59, 53, 48, 36, 41, 39, 33, 21, 16
53, 58, 45, 39, 32, 33, 31, 29, 17, 14
52, 59, 45, 39, 33, 32, 32, 29, 17, 14
51, 62, 57, 45, 37, 42, 43, 38, 23, 18
53, 59, 59, 48, 38, 42, 43, 38, 23, 17
55, 60, 59, 48, 38, 42, 43, 38, 23, 16
55, 59, 62, 49, 39, 41, 43, 38, 23, 17
55, 58, 62, 49, 40, 44, 46, 43, 26, 22
55, 56, 58, 48, 41, 44, 46, 44, 26, 22
56, 57, 59, 48, 41, 44, 46, 45, 33, 29
56, 52, 51, 45, 40, 44, 46, 44, 27, 24
57, 51, 52, 45, 40, 44, 47, 47, 28, 24
57, 51, 51, 43, 41, 44, 47, 47, 29, 23
58, 60, 55, 46, 40, 44, 47, 48, 28, 23
57, 57, 53, 44, 39, 44, 46, 48, 30, 26
58, 57, 53, 45, 36, 44, 44, 47, 27, 28
58, 58, 53, 45, 36, 45, 45, 47, 30, 29
57, 55, 55, 46, 35, 45, 43, 46, 41, 33
56, 55, 55, 46, 36, 43, 42, 42, 36, 29
56, 55, 56, 47, 37, 46, 44, 46, 40, 33
57, 56, 56, 46, 32, 30, 27, 30, 28, 18
56, 54, 51, 46, 32, 29, 28, 30, 28, 19
57, 54, 50, 46, 34, 30, 32, 30, 28, 19
58, 53, 48, 46, 33, 30, 32, 33, 26, 16
58, 57, 49, 48, 34, 33, 30, 33, 26, 15
59, 55, 50, 48, 35, 33, 31, 33, 25, 14
59, 53, 49, 47, 35, 33, 31, 33, 25, 14
59, 54, 51, 48, 35, 30, 29, 32, 23, 14
58, 55, 52, 50, 35, 31, 29, 32, 23, 14
58, 56, 51, 51, 35, 31, 29, 34, 20, 15
58, 56, 51, 52, 35, 33, 29, 40, 21, 15
60, 55, 55, 52, 36, 33, 30, 38, 21, 15
60, 57, 54, 54, 40, 47, 46, 55, 33, 23
60, 58, 55, 54, 40, 45, 46, 55, 31, 21
58, 63, 62, 56, 38, 40, 36, 42, 23, 16
58, 62, 61, 54, 37, 41, 32, 39, 23, 17
58, 64, 63, 53, 36, 40, 33, 38, 23, 17
58, 61, 66, 51, 32, 25, 13, 14, 6, 5
58, 62, 68, 51, 33, 24, 13, 12, 5, 5
54, 57, 67, 50, 34, 24, 13, 12, 5, 5
54, 55, 65, 52, 33, 24, 13, 12, 5, 5
56, 59, 66, 52, 34, 24, 13, 12, 6, 5
56, 60, 63, 51, 34, 24, 13, 13, 6, 5
57, 58, 63, 47, 27, 19, 14, 14, 6, 5
57, 56, 63, 47, 28, 20, 15, 15, 6, 5
57, 59, 70, 43, 33, 25, 24, 24, 12, 6
57, 58, 70, 45, 29, 25, 25, 24, 12, 6
59, 59, 68, 45, 28, 23, 22, 27, 16, 15
60, 58, 67, 45, 27, 23, 22, 27, 16, 15
60, 60, 65, 43, 28, 21, 21, 26, 16, 15
61, 63, 59, 43, 29, 21, 20, 22, 16, 15
58, 61, 56, 37, 29, 21, 21, 23, 16, 17
59, 63, 54, 38, 30, 19, 21, 24, 16, 17
60, 64, 58, 37, 30, 19, 21, 24, 16, 17
60, 63, 59, 37, 33, 29, 29, 26, 17, 15
60, 63, 55, 37, 33, 29, 29, 26, 17, 15
60, 61, 56, 37, 31, 29, 29, 26, 19, 19
60, 63, 57, 45, 34, 31, 29, 29, 21, 18
61, 62, 57, 44, 35, 31, 34, 36, 23, 18
61, 62, 54, 44, 35, 33, 34, 36, 23, 18
61, 63, 55, 44, 34, 32, 35, 36, 23, 18
61, 62, 54, 44, 35, 31, 29, 24, 15, 17
61, 61, 54, 42, 37, 33, 29, 23, 12, 8
61, 62, 52, 41, 34, 32, 34, 35, 20, 9
59, 63, 51, 39, 34, 32, 29, 28, 17, 1
58, 63, 51, 40, 34, 22, 20, 19, 12, 1
57, 64, 51, 39, 35, 24, 18, 14, 8, 1
57, 66, 51, 39, 35, 24, 20, 20, 12, 2
57, 64, 51, 40, 35, 24, 20, 20, 12, 2
55, 61, 53, 40, 33, 28, 25, 25, 14, 5
57, 60, 53, 40, 33, 28, 25, 25, 14, 5
59, 57, 50, 37, 33, 28, 25, 25, 14, 2
58, 55, 49, 37, 33, 28, 25, 25, 14, 2
59, 55, 49, 37, 33, 27, 26, 25, 12, 2
59, 54, 49, 38, 33, 27, 25, 26, 12, 2
58, 53, 50, 36, 32, 25, 17, 15, 7, 2
57, 47, 48, 39, 34, 17, 11, 10, 5, 1
57, 47, 50, 40, 35, 19, 18, 21, 10, 1
57, 45, 51, 40, 36, 18, 18, 21, 10, 1
58, 44, 51, 41, 36, 17, 18, 20, 10, 1
58, 44, 49, 41, 37, 20, 20, 19, 11, 1
55, 48, 52, 41, 37, 20, 21, 18, 11, 1
53, 48, 53, 40, 37, 20, 21, 18, 11, 1
53, 48, 52, 39, 36, 21, 21, 18, 11, 1
55, 53, 56, 41, 38, 28, 28, 21, 11, 1
52, 52, 56, 41, 38, 28, 28, 22, 12, 2
52, 49, 54, 39, 37, 29, 28, 22, 12, 2
52, 49, 55, 42, 38, 29, 28, 21, 12, 2
52, 48, 55, 42, 38, 31, 30, 22, 14, 5
51, 49, 55, 42, 38, 31, 30, 22, 14, 5
46, 43, 50, 40, 34, 24, 23, 20, 14, 5
45, 45, 51, 42, 39, 26, 23, 20, 14, 5
45, 45, 51, 43, 41, 27, 23, 20, 12, 4
47, 45, 51, 43, 41, 26, 23, 20, 12, 3
47, 44, 51, 45, 40, 27, 23, 20, 12, 3
47, 43, 51, 46, 40, 26, 28, 29, 27, 10
47, 43, 52, 48, 43, 32, 34, 31, 26, 9
47, 45, 53, 49, 44, 31, 36, 32, 24, 10
48, 47, 52, 50, 44, 33, 37, 32, 21, 8
48, 42, 49, 48, 35, 27, 24, 15, 9, 1
51, 44, 50, 48, 35, 28, 24, 15, 9, 1
51, 39, 43, 36, 31, 28, 24, 15, 9, 1
54, 38, 42, 33, 40, 31, 37, 35, 21, 7
54, 41, 54, 44, 45, 33, 39, 39, 26, 8
54, 38, 51, 42, 45, 33, 40, 38, 24, 8
52, 38, 51, 41, 39, 25, 20, 14, 10, 2
48, 37, 51, 43, 45, 32, 40, 39, 27, 8
48, 37, 51, 43, 45, 32, 40, 39, 27, 10
47, 36, 51, 45, 45, 32, 42, 41, 30, 9
50, 37, 48, 45, 45, 32, 42, 39, 26, 10
48, 37, 47, 47, 44, 30, 43, 39, 26, 12
47, 34, 40, 39, 40, 31, 44, 38, 26, 11
50, 39, 47, 47, 44, 29, 42, 38, 25, 11
49, 37, 41, 45, 44, 32, 45, 33, 17, 9
50, 36, 41, 45, 42, 32, 46, 36, 22, 8
51, 36, 41, 45, 42, 32, 45, 36, 22, 8
52, 38, 40, 41, 44, 34, 46, 38, 22, 8
51, 36, 40, 40, 44, 34, 46, 37, 19, 8
51, 37, 41, 40, 43, 34, 46, 37, 19, 8
51, 38, 37, 32, 39, 34, 46, 37, 19, 10
51, 38, 41, 39, 40, 35, 47, 38, 21, 12
50, 37, 42, 39, 39, 36, 47, 36, 20, 12
50, 37, 46, 43, 39, 36, 47, 41, 22, 12
50, 40, 45, 42, 39, 37, 50, 44, 26, 16
51, 40, 47, 41, 39, 36, 51, 45, 26, 16
51, 37, 44, 42, 40, 36, 51, 45, 29, 17
52, 39, 47, 45, 45, 40, 52, 41, 25, 14
51, 44, 47, 43, 45, 41, 52, 38, 22, 13
51, 44, 47, 43, 47, 42, 52, 38, 24, 16
54, 46, 44, 42, 45, 42, 54, 39, 27, 16
53, 46, 46, 44, 45, 44, 54, 41, 27, 17
55, 48, 39, 32, 32, 31, 28, 12, 7, 5
55, 49, 47, 44, 45, 46, 59, 56, 32, 22
53, 51, 49, 40, 46, 44, 51, 49, 22, 16
53, 49, 50, 39, 46, 44, 51, 49, 22, 16
53, 51, 50, 38, 46, 45, 51, 48, 22, 16
53, 56, 51, 37, 43, 44, 52, 41, 21, 16
53, 55, 50, 37, 42, 45, 50, 38, 23, 15
53, 56, 51, 39, 41, 43, 46, 28, 21, 13
53, 56, 54, 39, 41, 43, 45, 28, 20, 16
53, 57, 58, 39, 41, 43, 48, 37, 21, 17
53, 56, 56, 37, 41, 41, 45, 33, 21, 15
56, 55, 56, 37, 42, 41, 44, 33, 20, 16
56, 55, 55, 37, 42, 41, 44, 35, 19, 16
54, 55, 56, 40, 43, 37, 38, 33, 19, 16
54, 56, 57, 41, 46, 38, 39, 33, 19, 16
53, 56, 54, 38, 46, 44, 52, 47, 34, 26
53, 51, 56, 43, 46, 45, 53, 52, 36, 24
52, 50, 58, 43, 45, 47, 55, 54, 38, 24
53, 50, 57, 44, 45, 48, 53, 48, 36, 23
54, 45, 57, 45, 42, 48, 55, 52, 40, 28
53, 46, 55, 45, 42, 48, 55, 54, 42, 30
53, 46, 60, 49, 42, 46, 54, 53, 42, 30
53, 46, 60, 50, 41, 43, 48, 42, 35, 29
53, 46, 57, 47, 41, 42, 49, 46, 34, 28
53, 42, 53, 47, 41, 39, 44, 45, 27, 15
51, 43, 54, 46, 40, 36, 44, 45, 27, 15
52, 44, 54, 46, 39, 35, 43, 45, 27, 15
53, 45, 51, 42, 34, 29, 38, 44, 26, 11
53, 45, 51, 41, 33, 29, 39, 45, 26, 10
51, 35, 35, 23, 15, 14, 29, 44, 26, 10
51, 33, 34, 23, 15, 13, 29, 44, 30, 10
51, 38, 35, 30, 19, 12, 23, 32, 19, 7
52, 38, 35, 29, 19, 13, 23, 32, 19, 7
52, 38, 35, 29, 19, 13, 23, 32, 19, 7
55, 51, 53, 50, 39, 29, 30, 28, 18, 4
53, 51, 55, 51, 42, 34, 41, 42, 37, 14
52, 52, 53, 51, 41, 33, 38, 41, 36, 13
52, 51, 53, 50, 39, 31, 32, 27, 24, 11
52, 51, 53, 51, 39, 31, 30, 27, 24, 11
50, 50, 52, 51, 36, 28, 25, 21, 19, 5
47, 48, 50, 49, 37, 28, 26, 21, 19, 5
44, 27, 19, 14, 8, 8, 18, 16, 20, 8
45, 28, 20, 14, 8, 8, 21, 23, 20, 6
44, 28, 21, 14, 8, 8, 21, 23, 20, 6
47, 42, 45, 46, 37, 31, 28, 28, 21, 6
47, 48, 48, 43, 34, 35, 40, 44, 30, 7
47, 47, 48, 43, 35, 34, 40, 44, 30, 7
47, 47, 49, 43, 35, 34, 38, 45, 29, 7
48, 48, 50, 43, 35, 34, 38, 46, 34, 11
47, 48, 49, 43, 33, 30, 37, 46, 32, 10
45, 46, 49, 52, 41, 33, 35, 46, 32, 10
45, 49, 49, 51, 41, 31, 33, 46, 32, 10
45, 50, 48, 51, 39, 31, 33, 47, 33, 11
46, 50, 48, 52, 39, 31, 33, 49, 34, 9
46, 50, 47, 52, 38, 31, 36, 49, 35, 12
47, 51, 47, 52, 38, 32, 33, 45, 35, 16
51, 51, 49, 51, 38, 26, 24, 41, 34, 14
52, 51, 46, 50, 38, 26, 25, 41, 38, 14
51, 50, 45, 52, 41, 29, 28, 39, 38, 14
45, 49, 41, 51, 41, 29, 30, 39, 38, 14
45, 49, 41, 51, 42, 29, 26, 32, 27, 7
51, 50, 45, 52, 42, 31, 24, 38, 29, 7
52, 50, 45, 52, 43, 35, 32, 43, 31, 8
52, 51, 48, 54, 46, 37, 37, 49, 38, 11
52, 51, 46, 52, 43, 37, 37, 49, 37, 11
54, 52, 46, 53, 40, 32, 32, 33, 30, 9
53, 54, 48, 54, 40, 32, 32, 33, 30, 8
53, 53, 50, 56, 43, 31, 27, 33, 28, 8
52, 47, 48, 53, 41, 30, 26, 33, 28, 9
48, 43, 46, 53, 42, 30, 26, 33, 28, 9
47, 43, 46, 55, 42, 32, 30, 40, 36, 13
48, 44, 46, 55, 42, 32, 29, 41, 37, 13
48, 44, 46, 55, 42, 32, 30, 41, 37, 10
48, 44, 45, 54, 42, 29, 28, 39, 36, 10
48, 48, 49, 54, 42, 29, 26, 38, 35, 10
48, 48, 49, 55, 41, 28, 22, 35, 31, 8
49, 48, 48, 52, 39, 28, 22, 30, 30, 8
49, 47, 45, 55, 40, 29, 22, 31, 29, 8
48, 46, 42, 55, 39, 29, 22, 31, 29, 8
49, 44, 46, 53, 39, 31, 22, 31, 29, 8
46, 43, 46, 53, 39, 31, 22, 31, 29, 8
45, 42, 43, 52, 38, 32, 22, 31, 29, 8
45, 41, 35, 51, 39, 34, 25, 27, 20, 7
46, 38, 32, 49, 38, 36, 26, 27, 20, 6
45, 34, 24, 31, 22, 19, 12, 2, 0, 0
45, 34, 30, 31, 22, 18, 12, 2, 0, 0
45, 43, 32, 31, 22, 19, 12, 2, 0, 0
44, 42, 33, 33, 24, 19, 11, 2, 0, 0
45, 41, 33, 33, 24, 19, 11, 2, 0, 0
45, 41, 32, 31, 22, 19, 11, 2, 0, 0
44, 40, 33, 31, 23, 19, 11, 2, 0, 0
42, 40, 33, 31, 24, 20, 13, 2, 0, 0
40, 41, 33, 31, 24, 21, 13, 2, 0, 0
41, 43, 41, 44, 37, 40, 30, 27, 18, 6
41, 46, 40, 34, 23, 19, 13, 2, 0, 0
43, 46, 41, 32, 23, 19, 13, 2, 0, 0
43, 50, 42, 33, 25, 20, 13, 6, 1, 0
43, 53, 44, 34, 25, 20, 13, 7, 1, 0
43, 53, 44, 37, 27, 20, 13, 7, 1, 0
48, 54, 43, 36, 26, 21, 13, 7, 1, 0
49, 54, 41, 34, 26, 21, 13, 7, 1, 0
48, 52, 42, 34, 26, 21, 13, 7, 1, 0
48, 45, 41, 34, 26, 21, 13, 7, 1, 0
48, 50, 43, 36, 24, 21, 16, 18, 3, 0
48, 49, 41, 35, 24, 20, 15, 10, 1, 0
48, 43, 39, 32, 22, 21, 15, 10, 1, 0
48, 42, 40, 32, 23, 20, 15, 15, 2, 1
48, 43, 42, 33, 23, 20, 15, 15, 2, 1
48, 43, 43, 33, 23, 21, 14, 15, 2, 1
45, 43, 43, 30, 21, 17, 9, 12, 2, 1
46, 41, 44, 30, 21, 17, 9, 12, 1, 0
46, 42, 47, 40, 33, 35, 18, 20, 8, 0
46, 43, 48, 42, 33, 34, 16, 18, 9, 0
49, 44, 50, 45, 34, 34, 15, 18, 9, 0
48, 44, 50, 46, 34, 34, 15, 18, 9, 0
49, 39, 40, 39, 23, 25, 10, 10, 8, 0
50, 39, 36, 32, 23, 25, 10, 10, 8, 0
49, 37, 36, 32, 20, 19, 5, 4, 0, 0
49, 41, 36, 33, 20, 19, 5, 4, 0, 0
51, 42, 36, 34, 20, 19, 5, 4, 0, 0
51, 42, 43, 46, 29, 21, 6, 7, 0, 0
54, 44, 41, 45, 29, 20, 6, 7, 0, 0
54, 43, 35, 41, 27, 20, 6, 7, 0, 0
53, 45, 37, 40, 26, 22, 19, 22, 12, 1
53, 46, 37, 42, 26, 21, 18, 21, 12, 1
52, 48, 40, 45, 26, 21, 18, 21, 12, 1
50, 46, 36, 39, 21, 19, 17, 19, 13, 1
46, 43, 36, 37, 21, 19, 15, 14, 6, 1
45, 43, 38, 41, 21, 19, 14, 16, 6, 1
45, 44, 39, 41, 21, 23, 23, 20, 7, 1
49, 44, 39, 41, 21, 23, 23, 20, 7, 1
49, 44, 38, 38, 21, 23, 23, 20, 7, 1
49, 45, 38, 38, 21, 25, 23, 20, 7, 1
49, 42, 34, 37, 21, 26, 23, 20, 7, 1
48, 41, 26, 33, 19, 25, 23, 20, 7, 1
47, 40, 26, 34, 18, 22, 18, 15, 6, 1
47, 41, 26, 33, 19, 27, 23, 21, 15, 1
46, 40, 27, 30, 20, 27, 23, 21, 15, 1
46, 40, 27, 31, 20, 27, 23, 21, 16, 2
44, 42, 30, 37, 27, 33, 30, 30, 20, 2
44, 39, 24, 37, 24, 33, 30, 30, 22, 4
44, 41, 26, 38, 24, 34, 30, 30, 22, 4
44, 40, 23, 45, 31, 34, 28, 31, 22, 4
44, 39, 28, 44, 30, 32, 26, 38, 22, 3
44, 43, 29, 44, 34, 28, 26, 39, 24, 3
45, 43, 29, 45, 34, 31, 31, 46, 25, 4
45, 43, 35, 47, 35, 32, 32, 49, 29, 4
45, 44, 31, 49, 35, 32, 32, 48, 29, 4
45, 44, 31, 49, 37, 32, 32, 47, 28, 4
45, 43, 31, 48, 38, 31, 31, 43, 21, 4
47, 43, 37, 45, 39, 32, 30, 45, 22, 4
47, 43, 37, 45, 40, 42, 39, 42, 17, 2
47, 44, 38, 38, 29, 35, 35, 39, 18, 2
47, 46, 39, 38, 29, 35, 37, 43, 21, 3
43, 46, 40, 44, 38, 40, 41, 46, 26, 15
43, 46, 32, 37, 28, 34, 37, 42, 26, 15
43, 47, 33, 35, 29, 33, 37, 43, 26, 15
43, 46, 31, 36, 29, 32, 33, 40, 25, 15
43, 47, 28, 32, 28, 33, 31, 38, 19, 15
44, 44, 25, 29, 27, 33, 30, 38, 21, 15
44, 44, 28, 33, 28, 33, 30, 39, 20, 15
43, 43, 29, 22, 17, 18, 14, 21, 12, 13
43, 43, 28, 22, 17, 18, 14, 21, 12, 13
44, 43, 28, 23, 17, 18, 14, 21, 11, 13
44, 40, 29, 23, 17, 18, 14, 21, 11, 13
45, 41, 30, 24, 17, 18, 14, 21, 11, 13
45, 41, 27, 23, 16, 19, 15, 22, 12, 14
43, 42, 33, 29, 16, 20, 15, 22, 12, 14
43, 37, 27, 26, 16, 20, 14, 21, 15, 15
43, 36, 27, 26, 16, 11, 4, 5, 9, 14
41, 36, 29, 38, 30, 28, 21, 28, 23, 19
39, 39, 34, 43, 32, 28, 24, 27, 23, 19
42, 39, 33, 43, 31, 28, 24, 27, 24, 18
42, 32, 27, 29, 18, 11, 6, 5, 9, 14
41, 26, 13, 8, 1, 0, 0, 0, 0, 0
44, 31, 25, 26, 18, 18, 17, 21, 15, 16
44, 26, 19, 25, 18, 19, 17, 21, 15, 18
44, 24, 7, 5, 1, 0, 0, 0, 0, 0
44, 24, 7, 5, 1, 0, 0, 0, 0, 0
44, 23, 8, 5, 1, 0, 0, 0, 0, 0
42, 14, 5, 3, 1, 0, 0, 0, 0, 0
42, 17, 8, 5, 1, 0, 0, 0, 0, 0
44, 17, 6, 3, 0, 0, 0, 0, 0, 0
44, 17, 6, 3, 0, 0, 0, 0, 0, 0
44, 19, 17, 18, 12, 11, 10, 14, 13, 11
45, 24, 19, 20, 12, 11, 10, 15, 12, 11
43, 24, 17, 19, 12, 11, 10, 15, 12, 12
43, 23, 7, 4, 0, 0, 0, 0, 0, 0
42, 18, 8, 7, 0, 0, 0, 0, 0, 0
46, 20, 11, 7, 0, 0, 0, 0, 0, 0
46, 19, 11, 7, 0, 0, 0, 0, 0, 0
46, 26, 23, 24, 19, 18, 16, 23, 16, 6
47, 32, 27, 28, 24, 19, 16, 24, 15, 6
48, 23, 13, 14, 6, 0, 0, 0, 0, 0
46, 23, 15, 15, 5, 0, 0, 0, 0, 0
46, 24, 15, 15, 5, 0, 0, 0, 0, 0
46, 24, 15, 15, 5, 0, 0, 0, 0, 0
46, 24, 16, 16, 5, 0, 0, 0, 0, 0
47, 22, 15, 13, 3, 0, 0, 0, 0, 0
47, 22, 15, 14, 3, 0, 0, 0, 0, 0
46, 22, 15, 14, 4, 0, 0, 0, 0, 0
46, 29, 29, 25, 21, 21, 11, 19, 15, 5
46, 29, 30, 25, 21, 21, 11, 19, 15, 5
51, 35, 38, 32, 23, 22, 11, 19, 15, 5
51, 34, 36, 28, 23, 23, 11, 19, 14, 4
51, 41, 45, 31, 25, 31, 20, 34, 24, 22
51, 42, 50, 41, 34, 36, 26, 38, 16, 18
50, 40, 41, 25, 21, 19, 11, 15, 4, 1
51, 35, 38, 19, 19, 20, 11, 15, 4, 1
51, 34, 37, 19, 18, 20, 11, 15, 4, 1
47, 31, 36, 12, 4, 1, 0, 0, 0, 0
47, 30, 36, 13, 5, 1, 0, 0, 0, 0
49, 35, 40, 23, 15, 10, 2, 2, 1, 1
51, 36, 35, 18, 14, 10, 2, 2, 1, 1
51, 34, 38, 30, 23, 16, 7, 9, 3, 1
51, 36, 42, 32, 23, 16, 7, 9, 3, 1
51, 35, 39, 31, 23, 18, 9, 11, 4, 1
51, 35, 40, 29, 26, 30, 16, 24, 11, 16
52, 38, 38, 27, 36, 51, 30, 42, 17, 32
52, 38, 36, 27, 35, 51, 30, 39, 16, 32
51, 36, 22, 14, 19, 23, 15, 19, 4, 2
52, 37, 23, 16, 14, 13, 4, 4, 2, 1
51, 42, 29, 20, 14, 13, 4, 4, 2, 1
52, 46, 30, 22, 21, 25, 14, 17, 4, 2
51, 46, 26, 22, 20, 25, 14, 17, 4, 2
51, 44, 25, 22, 20, 24, 14, 17, 4, 2
52, 45, 34, 27, 19, 24, 14, 17, 4, 2
52, 45, 33, 28, 19, 24, 14, 17, 4, 2
52, 49, 46, 42, 34, 39, 24, 23, 6, 2
52, 46, 40, 39, 35, 39, 22, 22, 7, 17
53, 45, 39, 38, 34, 40, 22, 22, 7, 19
54, 46, 37, 36, 33, 40, 22, 21, 8, 19
54, 48, 38, 35, 31, 38, 22, 22, 7, 19
55, 46, 39, 35, 30, 38, 22, 22, 7, 19
53, 45, 33, 29, 24, 27, 18, 19, 6, 19
50, 41, 33, 30, 26, 27, 18, 19, 6, 19
50, 43, 33, 30, 26, 27, 18, 19, 6, 19
50, 42, 33, 30, 26, 28, 19, 20, 6, 19
50, 41, 34, 30, 26, 27, 20, 21, 6, 18
49, 42, 36, 31, 26, 27, 20, 21, 7, 18
49, 36, 32, 29, 26, 28, 20, 21, 10, 35
49, 36, 34, 29, 25, 30, 21, 22, 12, 35
49, 36, 34, 28, 26, 29, 21, 22, 12, 35
51, 38, 34, 27, 26, 29, 22, 22, 11, 34
50, 38, 34, 27, 26, 29, 21, 22, 10, 33
52, 37, 34, 28, 25, 29, 21, 22, 10, 32
52, 38, 35, 28, 24, 29, 18, 21, 11, 31
55, 40, 40, 33, 31, 41, 25, 25, 11, 31
55, 39, 43, 34, 31, 41, 29, 34, 14, 30
55, 39, 42, 34, 33, 41, 26, 29, 13, 31
55, 39, 42, 34, 33, 41, 29, 33, 14, 32
52, 37, 36, 35, 41, 50, 36, 43, 20, 34
53, 38, 40, 34, 39, 47, 38, 45, 20, 20
54, 41, 40, 34, 39, 46, 43, 42, 20, 17
54, 32, 36, 33, 40, 46, 43, 42, 17, 6
54, 32, 36, 34, 42, 46, 43, 42, 17, 6
53, 31, 35, 34, 42, 47, 45, 42, 17, 6
54, 36, 35, 34, 42, 47, 43, 37, 17, 6
54, 36, 31, 33, 41, 49, 37, 35, 17, 4
54, 37, 26, 33, 42, 50, 37, 35, 18, 5
54, 36, 26, 33, 40, 50, 37, 35, 17, 4
54, 36, 28, 34, 38, 50, 37, 35, 17, 4
54, 35, 28, 35, 41, 50, 37, 35, 18, 4
55, 37, 32, 36, 41, 50, 36, 33, 17, 4
55, 36, 34, 35, 39, 49, 36, 32, 17, 4
56, 35, 36, 33, 37, 48, 36, 29, 14, 4
56, 35, 37, 34, 39, 44, 36, 29, 14, 4
57, 35, 35, 34, 39, 44, 43, 36, 17, 6
56, 31, 32, 36, 39, 44, 44, 36, 18, 6
56, 31, 34, 36, 39, 44, 44, 36, 18, 6
53, 27, 29, 32, 39, 45, 46, 36, 18, 6
52, 27, 29, 32, 41, 43, 47, 36, 18, 6
51, 29, 33, 35, 41, 43, 47, 36, 18, 6
49, 30, 33, 38, 42, 45, 45, 36, 18, 7
47, 30, 33, 38, 42, 45, 46, 35, 16, 6
47, 31, 33, 38, 42, 46, 46, 33, 14, 4
49, 36, 33, 38, 42, 46, 45, 32, 16, 5
50, 38, 33, 38, 41, 46, 45, 32, 17, 6
50, 29, 18, 12, 9, 9, 7, 4, 1, 2
50, 34, 22, 16, 21, 23, 20, 15, 2, 2
50, 38, 23, 16, 21, 23, 20, 15, 2, 2
50, 33, 21, 16, 21, 23, 21, 15, 2, 2
50, 35, 21, 17, 24, 24, 21, 15, 2, 2
50, 31, 20, 14, 21, 24, 21, 15, 2, 2
51, 33, 21, 14, 21, 23, 21, 15, 2, 2
52, 40, 33, 41, 41, 47, 41, 25, 5, 2
53, 36, 34, 36, 39, 46, 43, 26, 5, 2
51, 24, 23, 20, 18, 22, 20, 10, 3, 0
50, 24, 23, 20, 18, 22, 20, 10, 3, 0
49, 24, 23, 21, 18, 22, 20, 10, 3, 0
50, 23, 16, 6, 12, 16, 13, 13, 1, 0
48, 23, 17, 5, 11, 16, 14, 13, 1, 0
49, 27, 20, 13, 16, 24, 24, 18, 2, 2
50, 30, 23, 13, 16, 23, 24, 17, 2, 2
50, 30, 31, 35, 32, 45, 45, 25, 2, 2
50, 32, 31, 34, 31, 44, 45, 27, 10, 2
50, 39, 28, 37, 31, 43, 45, 27, 11, 5
50, 32, 22, 32, 27, 36, 35, 23, 9, 3
50, 38, 27, 32, 29, 36, 35, 24, 8, 3
50, 33, 24, 32, 27, 34, 35, 24, 8, 3
50, 33, 24, 34, 28, 35, 33, 24, 8, 3
53, 46, 34, 39, 31, 43, 43, 29, 9, 4
53, 46, 39, 40, 31, 43, 45, 29, 10, 3
52, 51, 39, 40, 32, 43, 43, 30, 12, 4
52, 47, 34, 34, 27, 36, 32, 22, 11, 4
52, 45, 26, 26, 16, 20, 18, 8, 3, 0
52, 45, 26, 26, 17, 20, 18, 8, 3, 0
49, 45, 23, 25, 17, 20, 17, 9, 3, 0
48, 48, 26, 25, 17, 18, 16, 9, 3, 0
47, 42, 14, 3, 0, 0, 0, 0, 0, 0
46, 42, 14, 3, 0, 0, 0, 0, 0, 0
45, 41, 15, 3, 0, 0, 0, 0, 0, 0
45, 41, 16, 3, 0, 0, 0, 0, 0, 0
40, 42, 20, 3, 0, 0, 0, 0, 0, 0
41, 45, 31, 24, 17, 19, 17, 7, 2, 0
40, 45, 29, 23, 17, 20, 19, 8, 2, 0
40, 45, 29, 23, 17, 20, 19, 8, 2, 0
41, 47, 29, 17, 11, 17, 17, 6, 1, 0
40, 45, 28, 26, 21, 27, 23, 12, 6, 1
39, 53, 41, 36, 27, 27, 24, 11, 5, 1
38, 50, 38, 34, 27, 26, 25, 11, 5, 1
40, 53, 36, 32, 24, 25, 25, 12, 6, 1
47, 47, 35, 29, 24, 24, 25, 7, 2, 0
47, 48, 32, 29, 24, 24, 26, 7, 2, 0
44, 45, 29, 26, 23, 23, 25, 14, 5, 1
44, 48, 28, 26, 23, 23, 22, 8, 1, 0
44, 47, 28, 26, 23, 22, 22, 8, 1, 0
44, 44, 28, 27, 23, 22, 21, 7, 1, 0
45, 43, 28, 27, 24, 22, 20, 7, 1, 0
42, 43, 28, 27, 24, 23, 20, 7, 1, 0
43, 43, 27, 27, 23, 24, 20, 9, 7, 12
43, 43, 27, 24, 19, 18, 20, 10, 7, 12
42, 43, 28, 24, 18, 21, 20, 11, 8, 12
42, 40, 29, 24, 18, 21, 19, 12, 8, 11
42, 38, 25, 24, 18, 19, 19, 12, 6, 10
42, 38, 25, 24, 18, 19, 18, 12, 6, 10
41, 39, 28, 25, 18, 19, 18, 12, 6, 10
42, 42, 30, 24, 18, 19, 18, 15, 6, 12
42, 42, 31, 29, 19, 19, 18, 15, 6, 12
42, 45, 31, 30, 18, 20, 19, 15, 4, 0
42, 45, 32, 29, 18, 21, 23, 23, 10, 3
42, 45, 33, 30, 19, 22, 23, 19, 10, 5
43, 47, 35, 30, 19, 21, 24, 19, 10, 5
42, 47, 35, 30, 19, 21, 27, 25, 11, 13
42, 48, 36, 37, 34, 38, 43, 36, 13, 14
42, 48, 36, 37, 36, 38, 43, 36, 15, 12
42, 47, 36, 37, 36, 39, 42, 36, 15, 12
43, 44, 37, 37, 36, 39, 42, 35, 15, 12
42, 44, 36, 33, 35, 39, 39, 32, 13, 11
44, 42, 35, 33, 34, 39, 39, 32, 13, 11
43, 43, 33, 31, 32, 37, 34, 34, 18, 13
43, 41, 33, 30, 31, 37, 33, 30, 18, 13
43, 42, 33, 30, 32, 37, 33, 31, 17, 11
44, 43, 34, 30, 32, 37, 33, 31, 17, 11
45, 39, 30, 25, 31, 33, 31, 30, 17, 14
48, 41, 33, 27, 33, 34, 31, 30, 16, 14
48, 43, 34, 27, 33, 35, 34, 31, 16, 15
49, 43, 35, 27, 31, 34, 33, 28, 16, 15
48, 46, 39, 29, 30, 37, 33, 25, 13, 10
49, 39, 31, 24, 27, 34, 31, 27, 14, 10
50, 40, 32, 26, 27, 35, 31, 25, 14, 10
50, 38, 27, 23, 23, 33, 30, 27, 14, 10
50, 39, 32, 19, 19, 16, 7, 2, 0, 0
48, 42, 33, 17, 17, 16, 7, 2, 0, 0
50, 42, 32, 18, 14, 17, 7, 2, 0, 0
50, 42, 31, 19, 14, 17, 8, 2, 0, 0
48, 40, 27, 17, 4, 1, 0, 0, 0, 0
48, 39, 26, 17, 7, 1, 0, 0, 0, 0
48, 38, 25, 15, 6, 1, 0, 0, 0, 0
48, 37, 23, 15, 7, 1, 0, 0, 0, 0
49, 38, 23, 18, 7, 2, 2, 1, 2, 5
50, 41, 24, 18, 7, 2, 2, 1, 2, 5
52, 40, 25, 18, 7, 2, 2, 1, 3, 5
52, 37, 28, 18, 8, 2, 2, 1, 3, 5
52, 37, 29, 18, 8, 2, 2, 1, 3, 5
51, 37, 29, 18, 8, 3, 2, 1, 0, 0
53, 36, 30, 18, 7, 3, 2, 1, 0, 0
52, 36, 30, 18, 7, 3, 2, 0, 0, 0
48, 36, 27, 13, 6, 3, 2, 0, 0, 0
50, 34, 27, 12, 6, 3, 2, 0, 0, 0
49, 34, 27, 12, 5, 3, 2, 0, 0, 0
49, 34, 28, 12, 5, 3, 2, 0, 0, 0
46, 32, 27, 13, 5, 2, 2, 0, 0, 0
46, 36, 29, 12, 3, 2, 2, 0, 0, 0
46, 36, 27, 12, 3, 2, 2, 0, 0, 0
47, 36, 27, 13, 5, 2, 2, 0, 0, 0
50, 36, 27, 13, 5, 2, 2, 0, 0, 0
50, 40, 34, 26, 24, 31, 34, 43, 19, 14
50, 40, 33, 28, 25, 33, 38, 43, 19, 15
48, 40, 33, 28, 26, 31, 38, 42, 21, 15
48, 41, 32, 27, 25, 32, 38, 41, 21, 15
49, 42, 32, 28, 22, 30, 39, 41, 20, 12
49, 43, 32, 28, 22, 30, 39, 41, 18, 10
48, 43, 32, 28, 21, 28, 31, 35, 14, 10
48, 43, 32, 28, 21, 28, 31, 35, 14, 10
49, 46, 38, 36, 25, 31, 37, 39, 19, 11
48, 41, 33, 30, 24, 32, 36, 38, 19, 11
50, 42, 31, 28, 24, 32, 36, 36, 17, 9
50, 40, 31, 29, 26, 32, 35, 36, 17, 9
50, 40, 29, 29, 26, 33, 35, 35, 18, 9
47, 40, 29, 29, 26, 33, 34, 29, 14, 2
51, 39, 29, 29, 25, 34, 34, 29, 14, 2
51, 41, 33, 33, 26, 34, 34, 31, 15, 2
48, 41, 33, 33, 25, 32, 34, 31, 15, 2
47, 33, 27, 28, 23, 34, 37, 36, 16, 2
48, 33, 26, 29, 24, 34, 39, 37, 15, 4
48, 33, 26, 29, 24, 34, 39, 39, 15, 4
48, 32, 24, 20, 14, 22, 21, 12, 5, 3
48, 34, 29, 21, 14, 19, 20, 12, 5, 3
49, 37, 29, 20, 15, 19, 20, 12, 5, 3
49, 31, 21, 13, 5, 2, 4, 2, 4, 3
49, 31, 23, 15, 5, 2, 4, 2, 4, 3
49, 31, 18, 14, 5, 2, 4, 2, 4, 3
48, 30, 17, 11, 5, 2, 4, 2, 4, 3
48, 30, 17, 11, 5, 2, 4, 2, 4, 3
48, 31, 19, 12, 7, 2, 4, 2, 4, 3
